%YAML:1.0
---
model_type: POLYFISHEYE 
camera_name: camera
image_width: 1440
image_height: 1080
projection_parameters:
   k2: -6.8585618451570945e-04
   k3: -8.3006000822674272e-02
   k4: -8.0265365099890310e-03
   k5: 2.3529491962224123e-02
   k6: -2.1814442692411326e-02
   k7: 6.6661843800977462e-03
   p1: 0.
   p2: 0.
   A11: 8.2706352650396639e+02
   A12: -6.7249902757304270e-01
   A22: 8.2760031883313241e+02
   u0: 7.2906171050976707e+02
   v0: 5.3899348502708904e+02
   isFast: 0
   numDiff: 3000
   maxIncidentAngle: 120
